00:00-01:00 6.8 6.1 8.7
01:00-02:00 3.2 2.9 3.8
02:00-03:00 1.6 1.5 1.9
03:00-04:00 1.3 1.2 1.3
04:00-05:00 1.9 2.0 1.6
05:00-06:00 3.3 3.7 2.3
06:00-07:00 5.7 6.3 4.2
07:00-08:00 7.9 8.0 7.8
08:00-09:00 10.0 9.0 12.4
09:00-10:00 12.0 10.3 15.8
10:00-11:00 13.4 11.1 18.4
11:00-12:00 14.4 11.9 20.0
12:00-13:00 16.0 13.3 22.0
13:00-14:00 17.4 14.1 24.9
14:00-15:00 19.0 15.1 27.7
15:00-16:00 21.7 18.0 30.2
16:00-17:00 25.5 22.5 32.1
17:00-18:00 30.1 28.3 34.4
18:00-19:00 38.7 37.6 41.4
19:00-20:00 50.1 49.6 51.4
20:00-21:00 58.9 59.1 58.4
21:00-22:00 55.7 56.2 54.8
22:00-23:00 36.8 36.8 36.9
23:00-00:00 16.9 16.6 17.7